0	1	0.140351
0	2	0
0	3	0.157895
0	4	0.0619195
0	8	0.0584795
0	14	0.140351
0	17	0.140351
0	18	0.157895
0	19	0.175439
1	0	0
1	2	0
1	3	0.183673
1	4	0.0340136
1	8	0.253212
1	14	0.163265
1	17	0.163265
1	18	0.183673
1	19	0.204082
2	0	0
2	1	0.140351
2	3	0.157895
2	4	0.0292398
2	8	0.0584795
2	14	0.140351
2	17	0.630147
2	18	0.157895
2	19	0.175439
3	0	0
3	1	0.166667
3	2	0
3	4	0.0347222
3	8	0.0694444
3	14	0.166667
3	17	0.166667
3	18	1.1875
3	19	0.208333
4	0	0
4	1	0.144578
4	2	0
4	3	0.162651
4	8	0.060241
4	14	0.144578
4	17	0.144578
4	18	0.162651
4	19	0.180723
8	0	0
8	1	0.502009
8	2	0
8	3	0.167702
8	4	0.0310559
8	14	0.149068
8	17	0.149068
8	18	0.167702
8	19	0.186335
14	0	0
14	1	0.163265
14	2	0
14	3	0.183673
14	4	0.0340136
14	8	0.0680272
14	17	0.163265
14	18	0.183673
14	19	0.204082
17	0	0
17	1	0.163265
17	2	0
17	3	0.183673
17	4	0.0340136
17	8	0.0680272
17	14	0.163265
17	18	0.183673
17	19	0.204082
18	0	0
18	1	0.166667
18	2	0
18	3	1.1875
18	4	0.0347222
18	8	0.0694444
18	14	0.166667
18	17	0.166667
18	19	0.208333
19	0	0
19	1	0.170213
19	2	0
19	3	0.191489
19	4	0.035461
19	8	0.070922
19	14	0.170213
19	17	0.170213
19	18	0.191489
0	5	0.130719
0	6	0.0326797
0	7	0.189542
0	9	0.156863
0	10	0.130719
0	13	0.130719
0	15	0.0653595
0	21	0.130719
4	5	0.135135
4	6	0.0337838
4	7	0.195946
4	9	0.162162
4	10	0.135135
4	13	0.135135
4	15	0.0675676
4	21	0.135135
5	0	0
5	4	0.037594
5	6	0.037594
5	7	0.218045
5	9	0.594244
5	10	0.150376
5	13	0.150376
5	15	0.075188
5	21	0.150376
6	0	0
6	4	0.0337838
6	5	0.135135
6	7	0.195946
6	9	0.162162
6	10	0.135135
6	13	0.543298
6	15	0.0675676
6	21	0.135135
7	0	0
7	4	0.0403226
7	5	0.16129
7	6	0.0403226
7	9	0.193548
7	10	0.16129
7	13	0.16129
7	15	0.250137
7	21	0.16129
9	0	0
9	4	0.0387597
9	5	0.525409
9	6	0.0387597
9	7	0.224806
9	10	0.155039
9	13	0.155039
9	15	0.0775194
9	21	0.155039
10	0	0
10	4	0.037594
10	5	0.150376
10	6	0.037594
10	7	0.218045
10	9	0.180451
10	13	0.150376
10	15	0.075188
10	21	0.150376
13	0	0
13	4	0.037594
13	5	0.150376
13	6	0.184653
13	7	0.218045
13	9	0.180451
13	10	0.150376
13	15	0.075188
13	21	0.150376
15	0	0
15	4	0.034965
15	5	0.13986
15	6	0.034965
15	7	0.574592
15	9	0.167832
15	10	0.13986
15	13	0.13986
15	21	0.13986
21	0	0
21	4	0.037594
21	5	0.150376
21	6	0.037594
21	7	0.218045
21	9	0.180451
21	10	0.150376
21	13	0.150376
21	15	0.075188
1	5	0.37037
1	9	0.444444
5	1	0.413793
5	8	0.172414
8	5	0.294118
8	9	0.352941
9	1	0.444444
9	8	0.185185
10	11	0.341176
10	12	0.258824
10	24	0.4
11	10	0.263158
11	12	0.289474
11	24	0.447368
12	10	0.240964
12	11	0.349398
12	24	0.667214
24	10	0.28169
24	11	0.408451
24	12	0.493192
6	11	0.591837
11	6	0.2
11	13	0.8
13	11	0.852941
7	14	0.40678
7	16	0.423729
14	7	0.453125
14	15	0.15625
14	16	0.390625
15	14	0.307692
15	16	0.320513
16	7	0.460317
16	14	0.380952
16	15	0.15873
2	16	0.510204
16	2	0
16	17	1
17	16	1
19	20	0.325843
19	22	0.337079
19	27	0.337079
20	19	0.333333
20	22	0.333333
20	27	0.802083
22	19	0.337079
22	20	0.325843
22	27	0.337079
27	19	0.337079
27	20	0.78616
27	22	0.337079
23	25	1
25	23	1
12	25	0.356061
12	26	0.386364
24	25	0.391667
24	26	0.425
25	12	0.205607
25	24	0.317757
25	26	0.476636
26	12	0.213592
26	24	0.330097
26	25	0.456311
20	23	0.53125
23	20	0.491525
23	27	0.508475
27	23	0.539683
